1644804408479 0.5396748185157776 0
1644804516006 0.6075609922409058 1
1644804621172 0.616585373878479 2
1644804724724 0.6499186754226685 3
1644804868114 0.6567479968070984 4
1644805008334 0.6756910681724548 5
1644805150111 0.6822764277458191 6
1644805292554 0.6747967600822449 7
1644805434785 0.7004877924919128 8
1644805538388 0.7242276668548584 9
1644805642531 0.7765040397644043 10
1644805783797 0.7946341633796692 11
1644805926549 0.8247154355049133 12
1644806068409 0.861707329750061 13
1644806172618 0.8791869878768921 14
1644806276816 0.8884552717208862 15
1644806419251 0.8995121717453003 16
1644806524033 0.9014633893966675 17
1644806628806 0.9025202989578247 18
1644806733718 0.9026015996932983 19
1644806875933 0.9125203490257263 20
1644807018547 0.9079200029373169 21
1644807123351 0.9106504321098328 22
1644807265787 0.9148780703544617 23
1644807406912 0.9188618063926697 24
