1644804408479 2.180020332336426 0
1644804516006 0.6610944867134094 1
1644804621172 0.6522424221038818 2
1644804724724 0.6295552849769592 3
1644804868114 0.6235755085945129 4
1644805008334 0.605692982673645 5
1644805150111 0.6023067831993103 6
1644805292554 0.6049067974090576 7
1644805434785 0.579534649848938 8
1644805538388 0.5444903373718262 9
1644805642531 0.4700714945793152 10
1644805783797 0.4418836236000061 11
1644805926549 0.39357295632362366 12
1644806068409 0.3381291627883911 13
1644806172618 0.3059817850589752 14
1644806276816 0.28405362367630005 15
1644806419251 0.26748988032341003 16
1644806524033 0.2579241991043091 17
1644806628806 0.26378118991851807 18
1644806733718 0.2554953396320343 19
1644806875933 0.23809371888637543 20
1644807018547 0.24423427879810333 21
1644807123351 0.2317003458738327 22
1644807265787 0.23069816827774048 23
1644807406912 0.21868693828582764 24
